1.395933920053357591e+00
1.111092659221321721e+00
9.338313064763497096e-01
1.117479438554619176e+00
1.264746087598905167e+00
1.305496144593052854e+00
1.284255840475452715e+00
1.368167790072038592e+00
1.282559693856455851e+00
1.258129985402046902e+00
6.913957920492974640e-01
1.285066609336354304e+00
1.309455948595132035e+00
9.851006387891174665e-01
1.218374694146223236e+00
1.162852480090805329e+00
1.186711542643752004e+00
1.077191398772993081e+00
1.180942448770656350e+00
1.110168297187738018e+00
1.165152611491066637e+00
1.308358711576875111e+00
1.109162733060838901e+00
9.399733962824030620e-01
5.990203872017900721e-01
8.026920048607280034e-01
1.275181463273474813e+00
1.060856820463959460e+00
1.237708441835275064e+00
1.017925702845968949e+00
1.324526215513469385e+00
